1,631
2,841
3,849
4,794
5,602
6,264
7,640
8,462
9,483
10,261
11,648
12,653
13,516
14,866
15,323
16,887
17,863
18,713
19,880
20,764
21,511
22,841
23,461
24,365
25,384
26,213
27,875
28,742
29,632
30,263
31,769
32,482
33,208
34,259
35,706
36,681
37,451
38,477
39,427
40,525
41,255
42,296
43,761
44,320
45,829
46,897
47,636
48,611
49,458
50,893
51,849
52,553
53,412
54,496
55,500
56,306
57,236
58,844
59,674
60,775
61,322
62,906
63,213
64,496
65,633
66,389
67,265
68,264
69,892
70,701
71,234
72,317
73,467
74,221
75,433
76,478
77,671
78,728
79,225
80,237
81,579
82,278
83,221
84,773
85,277
86,899
87,841
88,884
89,635
90,322
91,748
92,251
93,321
94,594
95,664
96,398
97,660
98,489
99,598
100,648
101,877
102,209
103,543
104,420
105,369
106,550
107,881
108,469
109,566
110,344
111,217
112,879
113,393
114,839
115,835
116,810
117,494
118,879
119,384
120,492
121,604
122,341
123,330
124,776
125,451
126,384
127,897
128,818
129,446
130,282
131,206
132,861
133,834
134,828
135,775
136,573
137,399
138,576
139,511
140,221
141,574
142,911
143,442
144,329
145,728
146,886
147,688
148,295
149,695
150,742
151,772
152,666
153,295
154,503
155,278
156,751
157,329
158,280
159,369
160,574
161,659
162,658
163,661
164,322
165,342
166,438
167,268
168,708
169,262
170,862
171,554
172,546
173,579
174,706
175,812
176,582
177,614
178,375
179,743
180,467
181,777
182,577
183,200
184,851
185,471
186,793
187,240
188,485
189,903
190,252
191,800
192,232
193,767
194,675
195,473
196,454
197,690
198,459
199,767
200,536
201,284
202,655
203,834
204,340
205,836
206,847
207,351
208,321
209,229
210,341
211,641
212,227
213,369
214,866
215,430
216,483
217,608
218,865
219,641
220,305
221,839
222,620
223,203
224,280
225,591
226,559
227,202
228,867
229,772
230,781
231,616
232,840
233,278
234,224
235,795
236,661
237,343
238,247
239,625
240,321
241,832
242,839
243,223
244,898
245,707
246,486
247,508
248,828
249,753
250,227
251,716
252,326
253,360
254,877
255,691
256,553
257,523
258,587
259,379
260,214
261,779
262,807
263,457
264,308
265,897
266,695
267,694
268,652
269,769
270,865
271,285
272,821
273,624
274,424
275,724
276,365
277,424
278,448
279,334
280,534
281,816
282,340
283,474
284,717
285,216
286,493
287,668
288,641
289,802
290,883
291,521
292,585
293,313
294,747
295,367
296,495
297,733
298,554
299,641
300,240
301,869
302,344
303,510
304,294
305,416
306,468
307,562
308,285
309,736
310,850
311,523
312,573
313,853
314,376
315,386
316,594
317,853
318,871
319,342
320,502
321,251
322,481
323,837
324,775
325,472
326,634
327,497
328,893
329,759
330,484
331,253
332,273
333,685
334,344
335,390
336,824
337,758
338,848
339,547
340,403
341,536
342,626
343,379
344,634
345,571
346,286
347,536
348,902
349,643
350,721
351,801
352,418
353,745
354,416
355,226
356,434
357,221
358,209
359,625
360,455
361,683
362,798
363,805
364,259
365,403
366,815
367,267
368,397
369,859
370,447
371,705
372,543
373,764
374,401
375,490
376,235
377,366
378,746
379,240
380,484
381,381
382,819
383,481
384,256
385,686
386,471
387,264
388,635
389,524
390,656
391,685
392,498
393,211
394,452
395,534
396,670
397,556
398,575
399,272
400,678
401,389
402,614
403,681
404,883
405,758
406,535
407,511
408,546
409,800
410,515
411,434
412,891
413,645
414,870
415,778
416,875
417,814
418,749
419,608
420,852
421,868
422,430
423,288
424,347
425,224
426,864
427,230
428,647
429,868
430,751
431,703
432,409
433,781
434,288
435,594
436,898
437,305
438,845
439,640
440,601
441,780
442,655
443,452
444,629
445,264
446,598
447,844
448,227
449,593
450,639
451,482
452,618
453,474
454,729
455,681
456,501
457,520
458,302
459,635
460,640
461,523
462,853
463,574
464,672
465,487
466,535
467,627
468,259
469,398
470,833
471,521
472,565
473,316
474,210
475,787
476,894
477,445
478,613
479,524
480,639
481,367
482,510
483,809
484,369
485,493
486,325
487,294
488,556
489,416
490,908
491,650
492,424
493,456
494,724
495,388
496,499
497,544
498,315
499,338
500,709
501,499
502,560
503,443
504,655
505,224
506,775
507,293
508,757
509,312
510,656
511,870
512,293
513,627
514,614
515,207
516,899
517,274
518,749
519,367
520,339
521,755
522,355
523,858
524,852
525,662
526,403
527,308
528,601
529,825
530,853
531,783
532,300
533,604
534,752
535,601
536,607
537,230
538,800
539,681
540,501
541,629
542,208
543,679
544,809
545,369
546,507
547,360
548,368
549,245
550,792
551,735
552,229
553,716
554,238
555,376
556,786
557,587
558,848
559,424
560,503
561,346
562,538
563,715
564,880
565,518
566,542
567,542
568,337
569,391
570,705
571,434
572,886
573,433
574,862
575,252
576,693
577,762
578,807
579,904
580,498
581,652
582,252
583,263
584,539
585,456
586,417
587,275
588,348
589,352
590,852
591,869
592,627
593,293
594,782
595,367
596,328
597,870
598,355
599,669
600,451
601,511
602,467
603,277
604,787
605,761
606,444
607,459
608,365
609,269
610,433
611,262
612,297
613,560
614,705
615,590
616,305
617,718
618,550
619,479
620,834
621,312
622,609
623,295
